"mean_cv_errors","mean_oe_errors","pure_block_errors","alt_switch_errors","alt_non_switch_errors","rand_switch_errors","rand_non_switch_errors","global_cost_alt","global_cost_rand","local_switch_cost_alt","local_switch_cost_rand"
0.0104166666666666,0.0526315789473685,-0.0422149122807018,0.0185185185185185,0,0.0701754385964912,0.0754716981132075,0.0422149122807018,0.117686610393909,0.0185185185185185,-0.00529625951671631
0.0208333333333334,0.031578947368421,-0.0107456140350877,0.0338983050847458,0.0327868852459017,0.0491803278688525,0,0.0435324992809893,0.0107456140350877,0.00111141983884411,0.0491803278688525
0.0526315789473685,0.0416666666666666,0.0109649122807018,0.101694915254237,0.0689655172413793,0.166666666666667,0.0357142857142857,0.0580006049606775,0.0247493734335839,0.0327293980128579,0.130952380952381
0,0.0208333333333334,-0.0208333333333334,0,0,0.0327868852459017,0,0.0208333333333334,0.0208333333333334,0,0.0327868852459017
0.0833333333333334,0.03125,0.0520833333333334,0.101694915254237,0.0666666666666667,0.0833333333333334,0.0508474576271186,0.0145833333333333,-0.00123587570621475,0.0350282485875706,0.0324858757062148
0.0105263157894737,0.0210526315789473,-0.0105263157894736,0,0.05,0,0.0172413793103449,0.0605263157894737,0.0277676950998185,-0.05,-0.0172413793103449
0,0.105263157894737,-0.105263157894737,0.0847457627118644,0.0166666666666667,0.0333333333333333,0.0344827586206896,0.121929824561404,0.139745916515426,0.0680790960451977,-0.00114942528735629
0,0.0104166666666666,-0.0104166666666666,0.0517241379310345,0.0163934426229508,0,0.0169491525423728,0.0268101092896175,0.0273658192090395,0.0353306953080836,-0.0169491525423728
0,0.0520833333333334,-0.0520833333333334,0.0169491525423728,0,0.0327868852459017,0,0.0520833333333334,0.0520833333333334,0.0169491525423728,0.0327868852459017
0.0104166666666666,0.0224719101123596,-0.012055243445693,0.0196078431372549,0,0.0208333333333334,0,0.012055243445693,0.012055243445693,0.0196078431372549,0.0208333333333334
0.0208333333333334,0.0520833333333334,-0.03125,0.0169491525423728,0.0166666666666667,0,0.0172413793103449,0.0479166666666667,0.0484913793103449,0.000282485875706118,-0.0172413793103449
0.0208333333333334,0.0416666666666666,-0.0208333333333333,0.0508474576271186,0.0333333333333333,0.05,0,0.0541666666666666,0.0208333333333333,0.0175141242937853,0.05
0.0104166666666666,0.0208333333333334,-0.0104166666666667,0.0169491525423728,0.0333333333333333,0.0163934426229508,0,0.0437500000000001,0.0104166666666667,-0.0163841807909605,0.0163934426229508
0.0104166666666666,0.03125,-0.0208333333333334,0.0517241379310345,0,0.0491803278688525,0.0178571428571429,0.0208333333333334,0.0386904761904763,0.0517241379310345,0.0313231850117096
0.104166666666667,0.21875,-0.114583333333333,0.271186440677966,0.262295081967213,0.229508196721312,0.305084745762712,0.376878415300546,0.419668079096045,0.00889135871075308,-0.0755765490414003
0.0106382978723404,0.0208333333333334,-0.010195035460993,0,0,0,0,0.010195035460993,0.010195035460993,0,0
0.03125,0.0416666666666666,-0.0104166666666666,0.0517241379310345,0.0163934426229508,0.107142857142857,0,0.0268101092896175,0.0104166666666666,0.0353306953080836,0.107142857142857
0.75,0.03125,0.71875,0.0517241379310345,0.0169491525423728,0.0166666666666667,0,-0.701800847457627,-0.71875,0.0347749853886616,0.0166666666666667
0.0104166666666666,0.0416666666666666,-0.03125,0.0677966101694916,0.0327868852459017,0.147540983606557,0.0677966101694916,0.0640368852459017,0.0990466101694916,0.0350097249235899,0.0797443734370659
0,0.03125,-0.03125,0.0508474576271186,0.0163934426229508,0.0333333333333333,0.0517241379310345,0.0476434426229508,0.0829741379310345,0.0344540150041678,-0.0183908045977011
0.0416666666666666,0.0104166666666666,0.03125,0.0338983050847458,0.0163934426229508,0.0327868852459017,0.0169491525423728,-0.0148565573770492,-0.0143008474576272,0.0175048624617949,0.0158377327035288
